11 0.5921875 0.1625 0.10546875 0.0859375
11 0.3359375 0.540625 0.1015625 0.0859375
11 0.4625 0.67890625 0.0859375 0.1
11 0.27265625 0.821875 0.1234375 0.08203125
11 0.78125 0.81171875 0.0859375 0.1
11 0.91015625 0.690625 0.06640625 0.13125
11 0.909375 0.41484375 0.06875 0.071875
11 0.92265625 0.56953125 0.0796875 0.0765625
11 0.73125 0.39765625 0.0609375 0.06875
11 0.69375 0.51953125 0.09765625 0.078125
11 0.778125 0.32109375 0.071875 0.0796875
11 0.33125 0.30390625 0.13125 0.15
11 0.4546875 0.2890625 0.0703125 0.07421875