11 0.63359375 0.49140625 0.134375 0.165625
11 0.515625 0.1625 0.1328125 0.1171875
11 0.23359375 0.4109375 0.134375 0.115625
11 0.571875 0.2890625 0.09375 0.1015625
11 0.36875 0.55859375 0.16796875 0.1796875
11 0.1015625 0.65234375 0.0859375 0.125
11 0.1640625 0.56953125 0.0859375 0.0875
11 0.29609375 0.725 0.115625 0.1015625
11 0.596875 0.6828125 0.1234375 0.13125
11 0.4859375 0.3984375 0.1953125 0.1171875
11 0.36328125 0.853125 0.13671875 0.109375
11 0.203125 0.88984375 0.13671875 0.0921875
11 0.8109375 0.5734375 0.1875 0.1390625
11 0.8984375 0.80546875 0.12109375 0.13125