13 0.54609375 0.19375 0.1390625 0.1328125
13 0.5203125 0.3640625 0.1421875 0.1578125
13 0.72734375 0.375 0.1234375 0.234375
13 0.3140625 0.3671875 0.1953125 0.2265625
13 0.1421875 0.27265625 0.13671875 0.1421875
13 0.75859375 0.65703125 0.1578125 0.1703125
13 0.5328125 0.6234375 0.27734375 0.23046875
13 0.23125 0.5734375 0.3109375 0.165625
13 0.7484375 0.8234375 0.21484375 0.134375
13 0.090625 0.721875 0.103125 0.1109375
13 0.28046875 0.7546875 0.196875 0.2125
13 0.92265625 0.5015625 0.1546875 0.2421875