13 0.584375 0.215625 0.32421875 0.3140625
13 0.1359375 0.4625 0.209375 0.234375
13 0.76640625 0.84453125 0.2984375 0.1890625
13 0.6328125 0.5609375 0.27734375 0.37109375
13 0.8734375 0.503125 0.20703125 0.490625
13 0.4359375 0.446875 0.0859375 0.10546875
13 0.45625 0.6890625 0.084375 0.13671875
13 0.4640625 0.84453125 0.1265625 0.103125
13 0.0984375 0.71875 0.1078125 0.1171875
13 0.28984375 0.78828125 0.18125 0.1625
13 0.34296875 0.934375 0.0921875 0.084375
13 0.33203125 0.62578125 0.125 0.103125