12 0.7 0.4046875 0.2671875 0.37890625
12 0.46875 0.1890625 0.1015625 0.109375
12 0.27421875 0.36328125 0.2796875 0.234375
12 0.22734375 0.521875 0.165625 0.09765625
12 0.18828125 0.65703125 0.178125 0.15
12 0.75078125 0.77421875 0.11875 0.15
12 0.8109375 0.64453125 0.125 0.09765625
12 0.6875 0.625 0.08203125 0.07421875
12 0.46484375 0.5953125 0.09765625 0.078125
12 0.459375 0.34453125 0.0625 0.0921875
12 0.3625 0.7171875 0.15 0.08203125
12 0.315625 0.8578125 0.1734375 0.140625
12 0.1390625 0.8203125 0.0703125 0.08984375