13 0.840625 0.4421875 0.228125 0.2203125
13 0.9328125 0.6875 0.1234375 0.1015625
13 0.76484375 0.67109375 0.1234375 0.11875
13 0.625 0.5890625 0.12109375 0.11875
13 0.496875 0.49921875 0.1 0.13125
13 0.36796875 0.44921875 0.1421875 0.1796875
13 0.2125 0.378125 0.1015625 0.146875
13 0.2703125 0.31328125 0.06875 0.0921875
13 0.10234375 0.62890625 0.1234375 0.12109375
13 0.29296875 0.73125 0.125 0.134375
13 0.196875 0.79375 0.06640625 0.084375
13 0.553125 0.3578125 0.171875 0.14453125
13 0.45703125 0.10625 0.1328125 0.13125